0  0 
0.02  0.019604 
0.04  0.0384316 
0.06  0.0565059 
0.08  0.0738493 
0.1  0.0904837 
0.12  0.10643 
0.14  0.12171 
0.16  0.136343 
0.18  0.150349 
0.2  0.163746 
0.22  0.176554 
0.24  0.188791 
0.26  0.200473 
0.28  0.211619 
0.3  0.222245 
0.32  0.232368 
0.34  0.242002 
0.36  0.251163 
0.38  0.259867 
0.4  0.268128 
0.42  0.27596 
0.44  0.283376 
0.46  0.29039 
0.48  0.297016 
0.5  0.303265 
0.52  0.309151 
0.54  0.314684 
0.56  0.319877 
0.58  0.324741 
0.6  0.428073 
0.62  0.436918 
0.64  0.445457 
0.66  0.453692 
0.68  0.461629 
0.7  0.469273 
0.72  0.476628 
0.74  0.483698 
0.76  0.490489 
0.78  0.497004 
0.8  0.503248 
0.82  0.509227 
0.84  0.514944 
0.86  0.520405 
0.88  0.525613 
0.9  0.530573 
0.92  0.535291 
0.94  0.53977 
0.96  0.544014 
0.98  0.548029 
1  0.551819 
1.02  0.555388 
1.04  0.558741 
1.06  0.561882 
1.08  0.564815 
1.1  0.567545 
1.12  0.570076 
1.14  0.572412 
1.16  0.574557 
1.18  0.576516 
1.2  0.578293 
1.22  0.579891 
1.24  0.581315 
1.26  0.582569 
1.28  0.680837 
1.3  0.684373 
1.32  0.687747 
1.34  0.690963 
1.36  0.694022 
1.38  0.696926 
1.4  0.699678 
1.42  0.702279 
1.44  0.704733 
1.46  0.707041 
1.48  0.709205 
1.5  0.711227 
1.52  0.71311 
1.54  0.714856 
1.56  0.716466 
1.58  0.717944 
1.6  0.71929 
1.62  0.720507 
1.64  0.721597 
1.66  0.722563 
1.68  0.723405 
1.7  0.724127 
1.72  0.72473 
1.74  0.725216 
1.76  0.725587 
1.78  0.725845 
1.8  0.725993 
1.82  0.726031 
1.84  0.725963 
1.86  0.725789 
1.88  0.725512 
1.9  0.725134 
1.92  0.724656 
1.94  0.724081 
1.96  0.72341 
1.98  0.722645 
2  0.451118 
2.02  0.544905 
2.04  0.548379 
2.06  0.551762 
2.08  0.555055 
2.1  0.558259 
2.12  0.561373 
2.14  0.564397 
2.16  0.567331 
2.18  0.570177 
2.2  0.572934 
2.22  0.575602 
2.24  0.578181 
2.26  0.580673 
2.28  0.583078 
2.3  0.585395 
2.32  0.587626 
2.34  0.58977 
2.36  0.591829 
2.38  0.593802 
2.4  0.59569 
2.42  0.597495 
2.44  0.599215 
2.46  0.600853 
2.48  0.602408 
2.5  0.603881 
2.52  0.605272 
2.54  0.606583 
2.56  0.607814 
2.58  0.608966 
2.6  0.610039 
2.62  0.611034 
2.64  0.611951 
2.66  0.612792 
2.68  0.613557 
2.7  0.614247 
2.72  0.614863 
2.74  0.615405 
2.76  0.615875 
2.78  0.702115 
2.8  0.703811 
2.82  0.705437 
2.84  0.706992 
2.86  0.708476 
2.88  0.709891 
2.9  0.711236 
2.92  0.712512 
2.94  0.713719 
2.96  0.714858 
2.98  0.715929 
3  0.716934 
3.02  0.717871 
3.04  0.718743 
3.06  0.719548 
3.08  0.720289 
3.1  0.720964 
3.12  0.721576 
3.14  0.722124 
3.16  0.722608 
3.18  0.723031 
3.2  0.723391 
3.22  0.723689 
3.24  0.723927 
3.26  0.724104 
3.28  0.724221 
3.3  0.724279 
3.32  0.724278 
3.34  0.72422 
3.36  0.724103 
3.38  0.72393 
3.4  0.7237 
3.42  0.532105 
3.44  0.533353 
3.46  0.534546 
3.48  0.535683 
3.5  0.536766 
3.52  0.537795 
3.54  0.53877 
3.56  0.620095 
3.58  0.622064 
3.6  0.62398 
3.62  0.625842 
3.64  0.627651 
3.66  0.629406 
3.68  0.631109 
3.7  0.632758 
3.72  0.634354 
3.74  0.635897 
3.76  0.637388 
3.78  0.638825 
3.8  0.640211 
3.82  0.641544 
3.84  0.642825 
3.86  0.644054 
3.88  0.645232 
3.9  0.646358 
3.92  0.647433 
3.94  0.648456 
3.96  0.649429 
3.98  0.650351 
4  0.651223 
4.02  0.652044 
4.04  0.652816 
4.06  0.653538 
4.08  0.654211 
4.1  0.654834 
4.12  0.655409 
4.14  0.655935 
4.16  0.656413 
4.18  0.656844 
4.2  0.657226 
4.22  0.657561 
4.24  0.657849 
4.26  0.658091 
4.28  0.658286 
4.3  0.658435 
4.32  0.658539 
4.34  0.658597 
4.36  0.734547 
4.38  0.735435 
4.4  0.736278 
4.42  0.737078 
4.44  0.737833 
4.46  0.738544 
4.48  0.739211 
4.5  0.739835 
4.52  0.740416 
4.54  0.740954 
4.56  0.741449 
4.58  0.741901 
4.6  0.74231 
4.62  0.742678 
4.64  0.743003 
4.66  0.743287 
4.68  0.74353 
4.7  0.743731 
4.72  0.743891 
4.74  0.588905 
4.76  0.590122 
4.78  0.591299 
4.8  0.592436 
4.82  0.593533 
4.84  0.594589 
4.86  0.595605 
4.88  0.596581 
4.9  0.597517 
4.92  0.598413 
4.94  0.59927 
4.96  0.600087 
4.98  0.600864 
5  0.601602 
5.02  0.602301 
5.04  0.602961 
5.06  0.603583 
5.08  0.604165 
5.1  0.604709 
5.12  0.605214 
5.14  0.605682 
5.16  0.606111 
5.18  0.678858 
5.2  0.679999 
5.22  0.681103 
5.24  0.68217 
5.26  0.683199 
5.28  0.68419 
5.3  0.685144 
5.32  0.686061 
5.34  0.686941 
5.36  0.687784 
5.38  0.68859 
5.4  0.689359 
5.42  0.690092 
5.44  0.690788 
5.46  0.691447 
5.48  0.69207 
5.5  0.692657 
5.52  0.693209 
5.54  0.693724 
5.56  0.694203 
5.58  0.694647 
5.6  0.695055 
5.62  0.695428 
5.64  0.695766 
5.66  0.696069 
5.68  0.696337 
5.7  0.69657 
5.72  0.696769 
5.74  0.696934 
5.76  0.697064 
5.78  0.697161 
5.8  0.697223 
5.82  0.697252 
5.84  0.697248 
5.86  0.69721 
5.88  0.69714 
5.9  0.697036 
5.92  0.6969 
5.94  0.696732 
5.96  0.696531 
5.98  0.696298 
6  0.562181 
6.02  0.632304 
6.04  0.633557 
6.06  0.634778 
6.08  0.635968 
6.1  0.637126 
6.12  0.638252 
6.14  0.639347 
6.16  0.640411 
6.18  0.641443 
6.2  0.642443 
6.22  0.643412 
6.24  0.64435 
6.26  0.645257 
6.28  0.646132 
6.3  0.646976 
6.32  0.647788 
6.34  0.64857 
6.36  0.649321 
6.38  0.65004 
6.4  0.650729 
6.42  0.651387 
6.44  0.652014 
6.46  0.652611 
6.48  0.653177 
6.5  0.653712 
6.52  0.654217 
6.54  0.654692 
6.56  0.655137 
6.58  0.655551 
6.6  0.655935 
6.62  0.65629 
6.64  0.656614 
6.66  0.656909 
6.68  0.657175 
6.7  0.657411 
6.72  0.657618 
6.74  0.657795 
6.76  0.657943 
6.78  0.658063 
6.8  0.658153 
6.82  0.658215 
6.84  0.724352 
6.86  0.724968 
6.88  0.725555 
6.9  0.726114 
6.92  0.726645 
6.94  0.727148 
6.96  0.727622 
6.98  0.728069 
7  0.728488 
7.02  0.728879 
7.04  0.729242 
7.06  0.729577 
7.08  0.729886 
7.1  0.730166 
7.12  0.730419 
7.14  0.730645 
7.16  0.730844 
7.18  0.731016 
7.2  0.731161 
7.22  0.731279 
7.24  0.61246 
7.26  0.61326 
7.28  0.614034 
7.3  0.614782 
7.32  0.615502 
7.34  0.616196 
7.36  0.616864 
7.38  0.617506 
7.4  0.61812 
7.42  0.618709 
7.44  0.619271 
7.46  0.619808 
7.48  0.620318 
7.5  0.620802 
7.52  0.621259 
7.54  0.621691 
7.56  0.622097 
7.58  0.622478 
7.6  0.622832 
7.62  0.623161 
7.64  0.623464 
7.66  0.623742 
7.68  0.623994 
7.7  0.68822 
7.72  0.68897 
7.74  0.689695 
7.76  0.690395 
7.78  0.69107 
7.8  0.691719 
7.82  0.692343 
7.84  0.692942 
7.86  0.693517 
7.88  0.694066 
7.9  0.69459 
7.92  0.69509 
7.94  0.695564 
7.96  0.696014 
7.98  0.696439 
8  0.69684 
8.02  0.697216 
8.04  0.697567 
8.06  0.697894 
8.08  0.698197 
8.1  0.698476 
8.12  0.69873 
8.14  0.69896 
8.16  0.699166 
8.18  0.699348 
8.2  0.699506 
8.22  0.69964 
8.24  0.69975 
8.26  0.699837 
8.28  0.6999 
8.3  0.69994 
8.32  0.699956 
8.34  0.699949 
8.36  0.699919 
8.38  0.699865 
8.4  0.699789 
8.42  0.69969 
8.44  0.699567 
8.46  0.591588 
8.48  0.592047 
8.5  0.592484 
8.52  0.592899 
8.54  0.654706 
8.56  0.655573 
8.58  0.656418 
8.6  0.65724 
8.62  0.65804 
8.64  0.658817 
8.66  0.659571 
8.68  0.660304 
8.7  0.661014 
8.72  0.661701 
8.74  0.662366 
8.76  0.663009 
8.78  0.66363 
8.8  0.664228 
8.82  0.664804 
8.84  0.665358 
8.86  0.665889 
8.88  0.666399 
8.9  0.666886 
8.92  0.667351 
8.94  0.667795 
8.96  0.668216 
8.98  0.668615 
9  0.668993 
9.02  0.669348 
9.04  0.669682 
9.06  0.669994 
9.08  0.670284 
9.1  0.670553 
9.12  0.6708 
9.14  0.671026 
9.16  0.67123 
9.18  0.671413 
9.2  0.671574 
9.22  0.671714 
9.24  0.671833 
9.26  0.671931 
9.28  0.672007 
9.3  0.672063 
9.32  0.672098 
9.34  0.672112 
9.36  0.672105 
9.38  0.672077 
9.4  0.73146 
9.42  0.731846 
9.44  0.732212 
9.46  0.732557 
9.48  0.732882 
9.5  0.733187 
9.52  0.733471 
9.54  0.733735 
9.56  0.733978 
9.58  0.734202 
9.6  0.734405 
9.62  0.734588 
9.64  0.734751 
9.66  0.635554 
9.68  0.636224 
9.7  0.636874 
9.72  0.637504 
9.74  0.638115 
9.76  0.638705 
9.78  0.639275 
9.8  0.639826 
9.82  0.640357 
9.84  0.640868 
9.86  0.641359 
9.88  0.64183 
9.9  0.642281 
9.92  0.642713 
9.94  0.643125 
9.96  0.643518 
9.98  0.643891 
10  0.644244 
10.02  0.644577 
10.04  0.644892 
10.06  0.645186 
10.08  0.645461 
10.1  0.645717 
10.12  0.645954 
10.14  0.646171 
10.16  0.646369 
10.18  0.646547 
10.2  0.646707 
10.22  0.646847 
10.24  0.646969 
10.26  0.704588 
10.28  0.70509 
10.3  0.705574 
10.32  0.706039 
10.34  0.706485 
10.36  0.706912 
10.38  0.707321 
10.4  0.70771 
10.42  0.708081 
10.44  0.708433 
10.46  0.708767 
10.48  0.709081 
10.5  0.709377 
10.52  0.709655 
10.54  0.709914 
10.56  0.710154 
10.58  0.710376 
10.6  0.71058 
10.62  0.710765 
10.64  0.710932 
10.66  0.71108 
10.68  0.71121 
10.7  0.711322 
10.72  0.711416 
10.74  0.711492 
10.76  0.71155 
10.78  0.711589 
10.8  0.711611 
10.82  0.711615 
10.84  0.618926 
10.86  0.61938 
10.88  0.619816 
10.9  0.620234 
10.92  0.620634 
10.94  0.621017 
10.96  0.621382 
10.98  0.621729 
11  0.622059 
11.02  0.622371 
11.04  0.622665 
11.06  0.622942 
11.08  0.623201 
11.1  0.623443 
11.12  0.623668 
11.14  0.679946 
11.16  0.680524 
11.18  0.681084 
11.2  0.681628 
11.22  0.682154 
11.24  0.682662 
11.26  0.683154 
11.28  0.683628 
11.3  0.684084 
11.32  0.684524 
11.34  0.684946 
11.36  0.685351 
11.38  0.685739 
11.4  0.686109 
11.42  0.686462 
11.44  0.686799 
11.46  0.687118 
11.48  0.68742 
11.5  0.687705 
11.52  0.687973 
11.54  0.688224 
11.56  0.688457 
11.58  0.688674 
11.6  0.688875 
11.62  0.689058 
11.64  0.689224 
11.66  0.689374 
11.68  0.689507 
11.7  0.689623 
11.72  0.689722 
11.74  0.689805 
11.76  0.689871 
11.78  0.689921 
11.8  0.689954 
11.82  0.689971 
11.84  0.689971 
11.86  0.689955 
11.88  0.689923 
11.9  0.689874 
11.92  0.689809 
11.94  0.689728 
11.96  0.689631 
11.98  0.689517 
12  0.602023 
12.02  0.65697 
12.04  0.657608 
12.06  0.658229 
12.08  0.658835 
12.1  0.659424 
12.12  0.659998 
12.14  0.660555 
12.16  0.661097 
12.18  0.661623 
12.2  0.662133 
12.22  0.662627 
12.24  0.663105 
12.26  0.663567 
12.28  0.664013 
12.3  0.664443 
12.32  0.664858 
12.34  0.665256 
12.36  0.665639 
12.38  0.666006 
12.4  0.666357 
12.42  0.666693 
12.44  0.667012 
12.46  0.667316 
12.48  0.667604 
12.5  0.667877 
12.52  0.668134 
12.54  0.668375 
12.56  0.668601 
12.58  0.668811 
12.6  0.669005 
12.62  0.669184 
12.64  0.669348 
12.66  0.669496 
12.68  0.669629 
12.7  0.669746 
12.72  0.669848 
12.74  0.669934 
12.76  0.670005 
12.78  0.670061 
12.8  0.670102 
12.82  0.670128 
12.84  0.670138 
12.86  0.670134 
12.88  0.723054 
12.9  0.723358 
12.92  0.723647 
12.94  0.723921 
12.96  0.72418 
12.98  0.724424 
13  0.724653 
13.02  0.724867 
13.04  0.725067 
13.06  0.725251 
13.08  0.725421 
13.1  0.725576 
13.12  0.725716 
13.14  0.725841 
13.16  0.725952 
13.18  0.64375 
13.2  0.644228 
13.22  0.644692 
13.24  0.645141 
13.26  0.645576 
13.28  0.645995 
13.3  0.646401 
13.32  0.646791 
13.34  0.647167 
13.36  0.647529 
13.38  0.647876 
13.4  0.648208 
13.42  0.648526 
13.44  0.648829 
13.46  0.649118 
13.48  0.649392 
13.5  0.649652 
13.52  0.649897 
13.54  0.650128 
13.56  0.650345 
13.58  0.650547 
13.6  0.650735 
13.62  0.650908 
13.64  0.651067 
13.66  0.651212 
13.68  0.651343 
13.7  0.651459 
13.72  0.651562 
13.74  0.65165 
13.76  0.703353 
13.78  0.703731 
13.8  0.704095 
13.82  0.704445 
13.84  0.704781 
13.86  0.705102 
13.88  0.70541 
13.9  0.705703 
13.92  0.705983 
13.94  0.706249 
13.96  0.7065 
13.98  0.706738 
14  0.706962 
14.02  0.707171 
14.04  0.707367 
14.06  0.70755 
14.08  0.707718 
14.1  0.707872 
14.12  0.708013 
14.14  0.70814 
14.16  0.708253 
14.18  0.708352 
14.2  0.708438 
14.22  0.70851 
14.24  0.708568 
14.26  0.708613 
14.28  0.708644 
14.3  0.708662 
14.32  0.63012 
14.34  0.630475 
14.36  0.630816 
14.38  0.631144 
14.4  0.631458 
14.42  0.631759 
14.44  0.632047 
14.46  0.632321 
14.48  0.632581 
14.5  0.632829 
14.52  0.633063 
14.54  0.633283 
14.56  0.63349 
14.58  0.633684 
14.6  0.633865 
14.62  0.634032 
14.64  0.634186 
14.66  0.68499 
14.68  0.685418 
14.7  0.685832 
14.72  0.686233 
14.74  0.686621 
14.76  0.686996 
14.78  0.687357 
14.8  0.687705 
14.82  0.688041 
14.84  0.688363 
14.86  0.688671 
14.88  0.688967 
14.9  0.68925 
14.92  0.689519 
14.94  0.689776 
14.96  0.690019 
14.98  0.69025 
15  0.690467 
15.02  0.690671 
15.04  0.690863 
15.06  0.691041 
15.08  0.691206 
15.1  0.691359 
15.12  0.691498 
15.14  0.691625 
15.16  0.691739 
15.18  0.691839 
15.2  0.691927 
15.22  0.692003 
15.24  0.692065 
15.26  0.692115 
15.28  0.692152 
15.3  0.692176 
15.32  0.692187 
15.34  0.692186 
15.36  0.692173 
15.38  0.692146 
15.4  0.692107 
15.42  0.692056 
15.44  0.691992 
15.46  0.691915 
15.48  0.617003 
15.5  0.617238 
15.52  0.617461 
15.54  0.667098 
15.56  0.667579 
15.58  0.668049 
15.6  0.668505 
15.62  0.66895 
15.64  0.669382 
15.66  0.669801 
15.68  0.670208 
15.7  0.670603 
15.72  0.670986 
15.74  0.671356 
15.76  0.671714 
15.78  0.672059 
15.8  0.672392 
15.82  0.672713 
15.84  0.673021 
15.86  0.673317 
15.88  0.673601 
15.9  0.673873 
15.92  0.674132 
15.94  0.674379 
15.96  0.674614 
15.98  0.674836 
16  0.675046 
16.02  0.675245 
16.04  0.67543 
16.06  0.675604 
16.08  0.675766 
16.1  0.675915 
16.12  0.676053 
16.14  0.676178 
16.16  0.676291 
16.18  0.676392 
16.2  0.676481 
16.22  0.676558 
16.24  0.676623 
16.26  0.676676 
16.28  0.676717 
16.3  0.676746 
16.32  0.676763 
16.34  0.676769 
16.36  0.676762 
16.38  0.676744 
16.4  0.676713 
16.42  0.724908 
16.44  0.725123 
16.46  0.725327 
16.48  0.725519 
16.5  0.725699 
16.52  0.725867 
16.54  0.726024 
16.56  0.726169 
16.58  0.726302 
16.6  0.726424 
16.62  0.654763 
16.64  0.655174 
16.66  0.655574 
16.68  0.655961 
16.7  0.656338 
16.72  0.656702 
16.74  0.657055 
16.76  0.657397 
16.78  0.657727 
16.8  0.658045 
16.82  0.658352 
16.84  0.658647 
16.86  0.65893 
16.88  0.659203 
16.9  0.659463 
16.92  0.659712 
16.94  0.65995 
16.96  0.660176 
16.98  0.66039 
17  0.660593 
17.02  0.660785 
17.04  0.660965 
17.06  0.661133 
17.08  0.66129 
17.1  0.661436 
17.12  0.661571 
17.14  0.661694 
17.16  0.661805 
17.18  0.661906 
17.2  0.661995 
17.22  0.662072 
17.24  0.662139 
17.26  0.662194 
17.28  0.662238 
17.3  0.66227 
17.32  0.70964 
17.34  0.709907 
17.36  0.710161 
17.38  0.710405 
17.4  0.710638 
17.42  0.710859 
17.44  0.71107 
17.46  0.711269 
17.48  0.711457 
17.5  0.711634 
17.52  0.711799 
17.54  0.711954 
17.56  0.712098 
17.58  0.712231 
17.6  0.712352 
17.62  0.712463 
17.64  0.712562 
17.66  0.712651 
17.68  0.712728 
17.7  0.712795 
17.72  0.712851 
17.74  0.712896 
17.76  0.643949 
17.78  0.644264 
17.8  0.644569 
17.82  0.644862 
17.84  0.645144 
17.86  0.645416 
17.88  0.645676 
17.9  0.645926 
17.92  0.646165 
17.94  0.646393 
17.96  0.646611 
17.98  0.646817 
18  0.647013 
18.02  0.647198 
18.04  0.647372 
18.06  0.647535 
18.08  0.647688 
18.1  0.647829 
18.12  0.64796 
18.14  0.648081 
18.16  0.64819 
18.18  0.648289 
18.2  0.648378 
18.22  0.694936 
18.24  0.695247 
18.26  0.695547 
18.28  0.695837 
18.3  0.696116 
18.32  0.696384 
18.34  0.696642 
18.36  0.696889 
18.38  0.697125 
18.4  0.697351 
18.42  0.697567 
18.44  0.697772 
18.46  0.697966 
18.48  0.698149 
18.5  0.698323 
18.52  0.698485 
18.54  0.698637 
18.56  0.698779 
18.58  0.69891 
18.6  0.699031 
18.62  0.699141 
18.64  0.699241 
18.66  0.69933 
18.68  0.699409 
18.7  0.699477 
18.72  0.699536 
18.74  0.699583 
18.76  0.699621 
18.78  0.699648 
18.8  0.699664 
18.82  0.699671 
18.84  0.699667 
18.86  0.699653 
18.88  0.63294 
18.9  0.633179 
18.92  0.633409 
18.94  0.633628 
18.96  0.633836 
18.98  0.634035 
19  0.634223 
19.02  0.634402 
19.04  0.63457 
19.06  0.634728 
19.08  0.634875 
19.1  0.635013 
19.12  0.680775 
19.14  0.681125 
19.16  0.681465 
19.18  0.681796 
19.2  0.682116 
19.22  0.682425 
19.24  0.682725 
19.26  0.683015 
19.28  0.683294 
19.3  0.683564 
19.32  0.683823 
19.34  0.684072 
19.36  0.684312 
19.38  0.684541 
19.4  0.68476 
19.42  0.684969 
19.44  0.685168 
19.46  0.685357 
19.48  0.685536 
19.5  0.685705 
19.52  0.685864 
19.54  0.686013 
19.56  0.686152 
19.58  0.686281 
19.6  0.6864 
19.62  0.68651 
19.64  0.686609 
19.66  0.686698 
19.68  0.686778 
19.7  0.686847 
19.72  0.686907 
19.74  0.686957 
19.76  0.686997 
19.78  0.687027 
19.8  0.687047 
19.82  0.687058 
19.84  0.687058 
19.86  0.687049 
19.88  0.687031 
19.9  0.687002 
19.92  0.686964 
19.94  0.686916 
19.96  0.686858 
19.98  0.686791 
